Date,Algorithm,Duration,IterCount,Solution
2018-4-20,DSJC125.1.col,0.001,319,(5) 1 0 2 3 2 3 4 4 4 0 2 4 4 2 1 2 4 3 1 3 0 3 3 2 3 4 2 2 0 3 4 4 3 3 3 4 2 0 0 3 0 0 1 2 0 1 2 4 3 1 1 0 4 1 2 4 0 1 4 1 3 3 4 3 3 0 1 2 2 0 1 1 3 1 2 1 0 4 3 3 4 0 3 1 1 1 3 3 4 1 0 4 2 3 2 1 4 0 0 3 2 2 1 4 1 4 4 4 4 2 2 3 0 4 0 3 2 3 0 4 4 3 0 0 4
2018-4-20,DSJC125.1.col,0.004,6233,(5) 2 3 1 2 1 0 4 4 4 3 4 3 4 2 3 2 4 0 3 1 0 1 2 1 4 3 2 2 4 0 1 2 4 1 4 3 3 3 4 1 3 1 0 0 3 0 4 4 2 0 0 1 4 3 1 2 1 3 4 3 0 0 2 0 2 1 2 3 1 4 3 0 2 3 4 3 2 4 0 0 4 2 2 3 3 0 4 0 4 3 2 4 1 2 1 3 4 0 0 1 0 2 0 4 1 3 4 4 2 1 3 0 1 4 3 0 1 0 2 3 3 2 3 3 4 
2018-4-20,DSJC125.1.col,0.001,2426,(5) 2 1 3 4 1 0 3 3 3 2 3 3 3 0 0 0 3 1 0 4 1 1 0 4 1 2 4 1 0 2 3 4 4 2 2 3 2 2 3 4 4 4 3 0 2 4 0 3 0 3 0 4 3 4 2 4 4 1 3 2 2 1 1 3 4 4 4 4 2 0 2 0 1 2 3 3 4 4 4 1 0 3 0 2 2 2 4 1 3 2 2 3 1 4 1 0 3 1 1 4 0 1 1 4 2 2 3 2 4 1 0 0 1 3 2 1 4 3 0 3 0 1 4 3 4 
2018-4-20,DSJC125.1.col,0.007,11210,(5) 1 3 4 1 4 0 1 0 3 4 0 4 3 4 2 3 4 1 3 2 4 3 2 3 0 4 2 1 4 0 3 2 1 3 0 4 4 3 1 2 2 2 2 0 0 1 3 1 1 1 3 0 2 0 4 2 3 3 0 0 1 1 2 1 2 0 2 4 3 0 4 3 0 2 3 1 2 4 0 3 3 1 2 0 4 0 2 1 4 4 0 3 3 2 4 4 1 0 0 2 4 3 1 0 4 4 4 4 2 3 4 1 0 4 0 1 2 1 0 4 2 1 4 0 2 
2018-4-20,DSJC125.1.col,0.003,3910,(5) 2 0 1 2 4 1 0 3 4 0 3 3 0 2 1 2 2 4 1 1 4 4 3 1 4 0 2 0 0 2 4 2 3 4 0 3 1 0 2 4 3 2 1 3 0 1 4 3 2 0 1 1 1 1 3 2 4 4 0 3 0 4 4 1 2 3 2 3 3 1 0 1 2 1 0 3 2 4 4 4 3 2 2 3 3 1 4 4 2 2 2 3 4 4 1 1 0 4 1 1 1 4 1 0 1 0 3 0 2 1 2 0 4 3 0 4 3 3 2 0 2 4 0 0 0 
2018-4-20,DSJC250.1.col,0.017,17459,(8) 3 4 6 1 2 5 2 4 2 0 5 6 2 4 2 3 1 7 3 7 7 2 5 4 2 6 5 7 0 4 5 3 6 1 6 1 3 0 2 2 3 3 5 1 0 6 6 0 7 4 1 5 3 7 6 5 7 4 7 5 2 3 4 2 4 1 5 5 4 2 0 3 6 1 2 3 1 3 1 1 2 1 3 3 4 3 6 7 3 5 6 5 4 4 1 4 2 2 4 1 6 2 7 3 0 7 0 6 6 6 6 5 3 3 3 6 4 0 5 0 0 5 1 5 2 0 1 1 1 7 5 4 6 0 5 6 1 3 3 4 5 1 7 4 6 1 3 1 7 2 0 2 1 3 5 4 2 3 3 1 1 1 0 3 4 6 2 5 3 6 2 0 5 1 7 0 7 4 4 0 3 6 7 2 4 7 3 2 2 4 0 7 6 2 5 1 1 4 6 6 5 2 4 5 2 7 7 0 5 0 5 7 7 0 2 2 2 6 4 0 3 4 6 0 1 6 7 5 3 7 5 1 4 4 5 2 1 4 0 2 6 2 3 6 1 7 4 0 7 6 
2018-4-20,DSJC250.1.col,0.026,27879,(8) 3 2 7 4 3 1 0 3 4 4 1 2 4 0 0 6 0 7 7 0 1 3 2 0 7 6 1 4 1 4 4 3 7 4 1 6 4 5 2 5 0 2 3 1 1 7 6 2 7 0 5 5 3 5 2 5 3 5 6 2 3 4 0 3 5 6 3 7 6 1 7 7 3 7 3 0 2 6 4 4 6 5 2 6 0 0 1 5 3 0 3 6 0 0 1 5 0 1 5 6 6 0 5 4 1 3 7 7 5 0 6 0 4 1 3 2 0 3 7 2 7 5 1 3 6 1 6 4 7 0 4 5 7 2 2 5 2 5 4 5 2 1 5 0 6 1 4 5 2 1 1 6 4 7 2 5 5 3 5 0 7 1 4 6 7 2 0 2 4 3 1 0 0 1 5 7 4 4 0 7 3 1 5 3 0 7 1 3 1 2 0 6 6 2 2 1 1 1 2 7 3 7 0 3 3 3 0 4 2 5 4 3 3 4 3 2 3 7 5 7 2 6 7 6 7 5 4 1 2 3 4 6 2 4 2 4 6 6 3 6 5 5 0 2 4 4 6 7 5 7 
2018-4-20,DSJC250.1.col,0.009,8551,(8) 0 4 4 5 5 3 2 0 5 6 0 7 1 2 6 1 2 3 1 3 7 5 7 6 0 5 6 1 0 6 3 2 1 5 7 0 6 6 5 3 6 5 0 7 7 7 0 1 3 7 7 5 2 3 2 4 3 4 5 2 2 5 6 5 4 1 6 2 6 5 7 3 3 2 5 2 4 3 1 6 5 5 3 5 4 6 7 7 3 4 5 0 6 2 7 4 2 7 4 1 5 4 3 1 7 1 7 0 0 2 4 6 6 1 3 1 2 1 0 2 4 3 1 2 0 6 7 0 0 2 7 7 5 3 0 4 7 0 1 2 7 1 0 6 2 6 7 1 3 6 1 5 1 3 0 3 4 1 3 6 7 7 4 6 4 6 4 6 4 7 4 6 6 3 4 6 5 0 4 7 2 7 3 2 4 2 7 5 0 2 4 4 7 5 4 6 3 2 6 0 0 5 6 0 5 3 2 6 0 3 6 0 3 1 5 7 5 0 4 6 0 4 5 4 0 4 2 0 0 3 2 1 1 6 7 1 1 4 6 5 4 5 6 5 1 3 2 0 2 1 
2018-4-20,DSJC250.1.col,0.018,18329,(8) 7 7 3 4 4 6 5 5 2 2 2 4 4 4 3 2 3 7 6 5 4 0 4 2 6 6 1 4 6 2 1 0 6 4 7 2 6 1 7 5 5 7 1 4 5 0 6 2 1 3 0 7 1 5 4 5 1 7 7 0 1 2 3 5 3 0 0 3 1 6 6 1 1 1 0 1 4 6 4 4 4 5 2 7 6 6 6 5 6 6 0 2 3 5 6 6 4 1 3 0 7 3 3 7 7 1 7 0 7 0 0 0 2 6 1 5 5 4 7 2 1 4 4 0 5 6 5 4 2 0 0 3 0 1 2 7 0 5 2 1 7 4 7 3 5 4 7 3 7 0 2 4 2 0 0 4 1 5 0 4 5 4 6 0 6 0 1 2 3 5 6 6 3 5 6 1 4 3 3 5 1 6 1 1 5 1 0 0 6 7 3 1 5 4 0 1 3 4 0 6 7 2 4 2 7 2 3 3 5 7 2 7 5 1 1 5 7 3 3 1 6 4 6 6 3 1 2 6 3 7 1 1 4 7 7 4 0 3 6 3 3 2 2 0 2 1 5 5 3 2 
2018-4-20,DSJC250.1.col,0.01,8674,(8) 6 2 6 1 5 4 3 1 6 6 0 1 5 0 3 7 3 7 7 1 4 7 1 3 6 4 4 2 6 0 6 7 2 3 3 0 7 2 7 2 0 7 3 4 4 1 4 2 4 3 1 7 5 5 0 5 2 2 5 5 6 6 0 3 4 4 2 2 0 0 6 2 5 1 2 1 5 1 7 0 3 1 7 0 1 6 1 1 2 3 2 4 2 1 0 0 3 1 4 7 0 6 4 7 2 2 7 4 3 1 1 7 6 6 3 7 3 5 4 7 4 1 1 3 3 6 1 0 4 6 4 5 1 2 7 5 7 7 4 3 6 7 4 2 7 1 7 3 3 0 4 6 5 6 1 4 2 7 1 1 4 0 6 7 6 4 5 5 7 0 6 2 0 1 5 2 0 0 3 7 2 6 1 0 6 6 6 5 3 6 5 0 1 7 7 0 5 0 7 3 3 6 0 6 3 1 6 0 6 6 7 7 1 4 3 0 2 4 5 6 7 2 1 6 3 0 1 6 7 2 0 5 3 0 5 3 1 3 2 5 5 5 7 6 5 1 4 0 5 2 
2018-4-20,DSJC250.5.col,2.002,1011115,(28) 2 23 2 0 1 21 21 14 8 12 3 5 20 22 22 10 6 4 20 18 1 15 15 15 19 12 15 11 18 16 15 21 27 6 1 10 2 27 13 20 25 25 8 6 10 4 6 17 18 17 9 18 26 22 6 19 14 3 11 11 24 18 13 14 25 20 4 6 21 25 12 23 10 23 21 5 5 23 21 26 8 22 22 10 19 22 3 20 2 11 10 19 13 4 27 19 26 17 24 26 0 12 12 2 26 2 27 19 20 11 0 7 26 7 15 13 0 18 8 8 6 1 23 24 20 16 16 26 9 13 21 23 11 7 7 4 24 11 4 5 18 26 24 13 12 0 15 6 22 3 16 19 5 16 10 6 7 16 23 5 3 18 1 0 3 26 3 2 17 12 4 9 7 9 15 18 22 17 7 11 1 24 8 23 3 20 24 13 0 15 25 7 25 6 3 22 9 24 27 12 14 9 5 14 27 4 9 11 20 26 13 12 0 17 24 21 16 14 8 22 11 17 14 10 13 5 2 8 21 16 19 13 26 19 8 27 24 14 4 23 3 16 12 25 17 26 14 25 4 21
2018-4-20,DSJC250.5.col,4.42,2098610,(28) 15 2 19 14 9 17 26 27 25 12 13 26 4 16 21 17 6 5 22 21 23 11 0 14 10 12 19 11 24 18 18 17 1 15 21 16 6 13 5 0 7 23 0 4 21 10 4 4 1 11 3 11 20 16 4 2 0 11 15 11 17 21 8 1 0 24 9 5 25 1 12 2 26 21 17 18 23 24 19 20 16 16 26 4 11 16 18 21 22 1 4 18 25 23 13 6 20 8 8 20 5 12 12 22 20 8 13 10 11 21 9 6 20 9 19 3 14 26 27 26 15 10 21 7 27 6 18 20 17 5 25 24 19 10 10 1 11 3 7 25 26 20 5 8 12 13 19 27 6 5 25 27 6 2 21 4 9 27 24 1 1 27 10 25 24 20 19 15 24 12 1 14 23 1 25 14 21 22 7 13 25 3 3 22 13 6 16 18 15 24 8 7 18 8 7 16 27 8 26 12 9 14 13 0 4 23 19 23 22 20 2 12 5 11 14 17 2 9 27 16 11 14 9 22 25 15 0 19 17 14 7 5 20 7 13 6 7 9 3 24 26 2 12 8 10 20 2 8 7 17 
2018-4-20,DSJC250.5.col,9.76,4723535,(28) 23 9 4 1 17 5 11 20 1 24 11 12 14 21 21 5 8 19 20 20 27 15 10 1 18 24 8 2 22 25 10 5 0 0 17 26 5 14 19 2 7 14 2 10 15 12 10 12 17 15 22 20 16 21 10 11 25 23 27 15 0 20 7 18 14 9 3 19 6 0 24 13 8 0 5 3 18 14 4 16 23 21 21 23 9 21 17 25 13 18 9 3 19 18 25 8 16 27 7 16 19 24 24 23 16 7 25 15 11 15 23 22 16 21 4 9 1 22 13 9 6 27 6 14 20 0 10 16 5 19 26 22 4 12 2 0 15 14 15 26 12 16 19 7 24 25 4 27 21 19 13 13 22 0 9 8 2 6 8 18 26 20 13 26 22 16 4 20 15 24 0 1 2 6 27 1 21 8 3 26 3 27 9 8 26 9 15 9 1 10 7 17 25 7 26 21 12 7 25 24 18 22 18 15 10 9 4 2 12 16 11 24 19 23 1 5 25 3 13 26 20 1 2 13 27 6 4 4 5 1 0 19 16 11 5 6 3 3 11 22 10 18 24 7 12 16 25 7 20 26 
2018-4-20,DSJC250.5.col,2.025,904824,(28) 7 12 16 20 2 20 21 10 10 14 8 11 5 4 4 7 16 22 26 15 20 9 13 18 5 14 18 24 15 1 12 21 20 12 3 11 7 18 17 13 19 8 16 12 13 11 26 11 15 24 9 15 0 4 20 9 16 21 18 1 27 15 19 6 16 26 24 22 21 3 14 18 25 26 21 25 6 12 21 0 16 4 4 12 23 4 8 24 10 6 20 25 17 6 18 5 0 24 19 0 17 14 14 16 0 19 13 27 11 27 2 1 0 2 18 23 2 15 10 23 3 13 3 22 10 17 13 0 20 17 21 26 18 11 22 24 27 13 27 20 12 0 17 19 14 2 5 10 4 17 1 10 5 1 23 25 5 10 9 6 9 15 2 25 8 0 3 7 27 14 24 9 2 3 18 6 4 24 25 26 3 25 23 13 8 23 27 23 12 9 19 11 1 19 8 4 22 19 1 14 6 1 6 27 20 23 22 9 8 0 17 14 17 7 5 21 1 26 10 4 26 22 2 26 5 23 16 16 21 3 20 17 0 7 7 23 5 25 25 8 8 6 14 19 27 0 1 19 11 21
2018-4-20,DSJC250.5.col,2.401,1178126,(28) 18 5 19 4 3 8 21 9 25 10 26 2 20 11 1 18 5 3 0 1 24 14 14 0 16 10 9 6 18 24 14 9 24 6 1 4 22 25 12 0 19 20 17 14 1 17 22 4 3 21 8 21 13 11 14 8 12 7 2 24 6 1 27 6 17 20 2 12 2 6 10 22 18 1 18 24 22 20 3 13 7 11 26 4 27 11 7 1 9 0 4 26 26 7 15 27 13 4 27 13 12 10 10 17 13 15 18 27 2 1 2 22 13 15 5 9 16 7 22 4 5 27 1 19 21 6 23 13 8 12 22 22 15 22 16 6 0 15 19 26 3 13 12 20 10 24 0 3 11 12 25 17 22 24 1 5 16 9 8 25 4 21 16 4 7 13 2 26 4 10 6 23 16 15 15 7 1 5 19 26 18 8 2 27 25 23 11 20 5 14 21 19 14 26 26 11 9 17 24 10 0 2 26 23 14 2 8 23 21 13 12 10 12 25 8 21 9 23 9 11 7 3 23 25 20 3 8 19 3 5 6 12 13 19 19 27 21 18 8 7 14 25 10 17 23 13 23 20 19 23 
2018-4-20,DSJC250.9.col,0.020,85715,(72) 65 67 61 37 20 65 61 20 7 45 25 68 40 52 38 29 39 24 40 36 0 46 47 21 31 23 15 42 33 18 6 20 35 17 55 50 56 29 65 67 14 24 5 55 39 11 46 62 15 39 37 30 66 38 18 17 23 54 59 3 66 60 63 53 33 2 71 57 49 30 16 51 9 1 67 40 35 58 60 57 19 3 35 44 57 69 63 68 31 50 8 49 9 59 34 23 53 52 11 8 71 48 25 24 13 26 14 42 5 51 43 53 55 70 44 19 32 22 51 64 37 58 10 47 71 49 56 10 7 4 52 58 15 19 4 30 27 4 18 33 38 27 48 44 5 1 14 67 54 69 28 4 7 44 45 12 59 28 0 26 69 40 68 1 46 10 22 47 34 33 12 56 34 8 24 0 70 59 68 62 43 28 2 26 9 28 60 48 37 6 41 51 64 63 35 19 6 71 29 62 42 25 27 21 41 12 47 21 49 12 22 31 3 70 23 16 62 45 17 32 43 53 50 2 32 26 13 25 70 43 65 41 39 55 36 17 63 22 54 66 36 64 48 32 50 11 37 61 13 41 
2018-4-20,DSJC250.9.col,0.479,186250,(72) 64 54 71 21 44 64 19 28 50 70 16 22 46 5 70 51 71 26 46 17 56 17 3 66 53 42 20 67 9 17 41 55 35 6 13 49 4 59 2 54 24 26 48 41 23 70 68 43 30 7 21 60 65 50 58 6 42 44 31 27 65 40 8 62 9 39 69 15 36 2 52 18 48 40 54 46 28 45 32 15 61 48 1 68 15 25 50 22 53 49 47 36 53 31 19 42 62 5 33 47 69 38 16 26 33 13 23 67 19 18 8 62 13 52 29 61 12 33 18 30 21 39 11 3 69 36 4 63 35 70 5 11 20 61 52 28 24 60 56 9 55 24 38 27 51 0 32 54 63 25 56 67 45 12 45 34 31 35 68 10 25 46 22 40 32 0 14 3 55 9 23 4 7 47 26 0 59 31 22 43 8 51 1 7 10 10 1 38 21 58 57 18 30 34 39 61 29 69 59 43 67 16 12 66 57 34 3 66 36 34 14 29 20 37 42 44 43 35 6 51 8 62 49 27 41 1 2 16 37 58 64 57 50 13 14 6 41 14 63 65 60 37 38 19 49 33 21 71 2 57 
2018-4-20,DSJC250.9.col,0.124,44838,(72) 67 45 3 4 70 67 57 54 12 48 13 40 1 11 48 49 42 68 1 3 22 25 9 5 7 27 36 35 3 3 39 15 30 69 64 43 46 49 67 45 31 68 37 64 20 48 42 71 54 44 4 65 21 12 34 51 27 63 22 30 21 50 44 29 61 11 61 53 33 70 52 47 41 26 45 1 30 36 23 53 8 32 17 14 53 58 12 40 7 43 36 33 41 8 59 27 29 69 2 38 58 18 13 68 2 31 20 35 37 47 19 29 64 28 14 8 60 2 47 16 4 25 6 9 22 33 46 6 66 48 62 57 51 39 44 25 56 65 62 61 31 56 18 14 37 26 23 45 63 52 24 35 69 14 66 10 42 24 19 5 32 1 40 26 23 6 0 9 59 61 20 46 59 36 68 19 28 5 40 71 31 24 17 11 41 24 17 18 4 34 55 47 16 10 15 8 39 58 49 39 35 13 56 15 55 10 9 50 33 10 0 7 51 28 27 70 71 66 52 60 50 29 43 54 60 17 32 13 28 34 67 55 12 64 0 38 63 0 38 21 65 16 18 60 43 2 4 57 62 55 
2018-4-20,DSJC250.9.col,0.399,180024,(72) 69 23 47 38 20 69 67 5 14 55 50 15 9 33 55 2 64 18 9 34 51 27 57 22 45 12 16 42 19 53 0 5 62 1 41 26 7 65 69 21 46 18 64 0 10 55 27 66 44 64 38 7 52 14 25 1 4 20 29 49 52 28 63 54 19 37 54 13 62 59 32 60 56 39 31 9 28 59 30 46 58 54 11 40 6 36 14 15 70 26 17 13 56 33 67 12 44 47 43 17 70 8 50 18 43 41 10 42 67 60 63 49 41 32 40 58 31 43 60 62 38 37 49 57 29 62 34 35 48 55 71 59 16 58 6 25 24 68 51 19 31 12 8 40 2 71 30 13 35 36 51 42 48 40 48 3 64 20 70 22 36 9 15 7 30 68 33 57 4 19 10 71 4 17 18 45 53 22 15 66 63 2 11 68 56 21 11 8 38 29 61 60 32 3 37 58 6 21 45 66 42 50 28 5 61 3 57 23 25 3 44 65 16 39 12 20 66 24 1 2 63 53 26 44 0 11 27 50 65 23 69 61 14 41 46 1 0 24 35 52 34 39 8 67 26 43 38 47 23 61 
2018-4-20,DSJC250.9.col,0.126,48931,(72) 12 20 25 17 69 12 34 2 6 14 4 49 41 10 0 54 19 40 41 44 64 66 22 26 42 13 29 37 30 56 28 71 8 16 51 33 60 43 12 20 4 40 39 51 19 0 66 13 27 19 17 60 24 62 56 16 9 21 35 45 24 11 61 57 30 15 23 36 38 69 45 36 63 31 20 41 8 71 13 2 27 47 8 55 59 65 61 49 42 33 50 36 63 35 34 53 0 25 10 50 23 32 58 40 13 1 59 37 34 61 3 57 51 57 55 59 11 10 29 38 17 29 67 22 23 36 44 5 31 7 52 53 47 26 7 21 65 7 56 30 62 38 32 55 54 52 39 20 5 18 48 37 71 55 14 68 35 48 64 1 18 41 49 60 66 67 6 22 9 30 45 52 9 50 40 64 43 35 49 53 3 48 15 1 63 48 67 32 17 39 70 46 27 68 8 2 28 23 43 28 37 58 11 5 70 68 22 26 21 68 6 42 28 4 38 69 62 14 46 54 3 57 33 15 4 1 47 58 27 3 12 70 19 51 6 16 61 65 46 24 44 31 32 34 33 18 17 25 46 70 
2018-4-20,DSJC500.1.col,8.596,5016024,(12) 2 0 10 3 6 6 10 7 9 1 5 9 10 7 1 11 1 11 8 7 2 8 5 1 5 0 11 0 8 11 4 11 9 7 6 2 7 6 7 5 2 2 5 11 5 3 9 3 5 0 0 11 5 0 8 7 5 9 7 6 6 3 10 3 2 6 5 7 8 8 2 5 9 11 1 0 9 2 2 2 3 10 8 0 10 4 10 6 9 8 1 8 2 1 2 6 9 2 4 0 2 0 6 6 9 0 9 7 1 4 5 7 11 5 4 8 5 7 11 4 1 1 0 7 0 11 2 6 10 2 4 8 0 1 10 4 7 4 6 8 3 0 7 10 10 7 0 2 0 4 5 9 1 10 3 4 3 1 8 10 1 4 10 5 5 10 5 3 6 10 9 3 8 1 2 4 10 6 8 7 9 8 3 2 6 2 6 6 9 6 4 8 1 4 8 3 4 2 9 0 5 6 7 5 3 10 3 8 2 0 1 7 9 7 2 9 11 11 9 5 7 11 1 4 6 11 7 3 9 9 3 4 8 10 4 3 9 9 8 11 11 11 7 3 1 4 2 4 5 6 9 8 4 6 5 3 2 0 1 9 9 7 10 7 9 4 6 2 10 4 2 10 9 10 5 1 11 9 9 10 3 11 1 10 0 8 8 5 2 2 3 5 5 1 1 10 9 11 3 7 6 6 5 2 11 6 3 9 10 9 9 3 10 1 1 6 2 8 5 11 2 7 5 3 11 7 4 4 8 5 8 2 2 7 3 3 1 2 5 6 9 1 4 7 11 11 6 3 2 4 1 7 0 6 1 4 11 5 4 7 0 9 4 1 0 6 11 0 8 9 4 10 1 3 0 7 10 11 3 0 7 8 4 5 3 3 3 3 0 11 4 11 7 7 11 2 0 3 9 10 11 3 11 6 5 6 11 9 11 9 6 2 7 4 6 10 10 6 0 2 4 2 3 6 1 1 9 10 4 0 8 0 4 7 0 9 4 8 5 8 0 2 2 8 0 10 5 9 6 6 8 1 1 6 0 7 5 0 1 5 11 8 6 2 3 3 6 2 8 2 5 10 0 1 8 4 11 7 1 11 2 7 8 3 0 0 9 4 10 8 1 5 6 4 7 2 0 3 4 3 
2018-4-20,DSJC500.1.col£¬93.56,47463423,(12) 4 2 2 4 5 3 5 11 8 1 1 5 7 6 4 2 3 3 7 9 7 0 8 4 8 9 3 0 6 2 11 3 10 4 5 7 11 11 10 9 0 6 2 6 0 5 6 9 6 6 5 1 3 11 7 1 8 0 8 5 5 6 7 9 0 8 8 5 9 0 3 3 3 7 6 7 4 3 6 10 9 9 0 4 4 10 2 4 8 2 1 2 11 10 3 11 0 2 11 1 3 0 6 2 8 0 3 4 11 2 1 1 2 7 10 8 11 9 5 7 10 5 0 9 4 7 7 7 4 0 11 0 0 9 2 7 1 8 6 7 1 6 8 9 5 6 1 11 11 0 1 11 1 4 7 8 8 6 10 8 1 11 9 2 3 4 5 4 5 7 4 9 7 11 6 2 2 3 6 11 6 7 3 11 2 0 3 2 0 8 2 9 11 4 2 4 10 11 5 0 1 3 5 8 3 0 9 7 4 3 11 2 7 8 11 0 5 8 9 1 11 0 2 4 5 3 4 1 3 8 4 1 11 3 2 2 3 11 7 0 5 2 10 6 5 4 0 10 0 7 0 10 5 1 9 7 11 7 10 2 5 6 7 5 9 3 2 6 6 7 3 4 0 5 9 6 10 8 8 3 1 1 1 5 8 10 3 8 11 3 7 7 6 8 6 9 0 6 10 11 2 3 2 4 0 3 9 8 2 2 6 7 7 11 10 2 2 2 5 9 0 7 8 1 5 10 10 10 10 9 10 2 8 4 1 1 1 3 9 5 0 10 8 6 8 7 1 10 10 9 6 3 10 5 1 10 11 8 10 6 11 8 8 11 11 6 5 6 11 5 7 11 1 9 6 9 10 10 3 5 7 11 7 0 8 8 3 7 0 5 0 2 10 9 11 5 1 5 0 0 11 8 4 10 1 5 2 8 5 0 9 6 9 7 5 10 1 7 2 1 11 0 0 2 11 9 0 3 7 11 1 2 3 3 7 3 11 9 10 3 1 1 9 4 11 5 8 5 11 2 4 10 4 4 9 5 9 4 1 9 3 3 0 3 8 10 5 1 2 8 6 0 10 8 1 10 9 4 2 6 5 10 11 1 4 3 11 5 2 9 6 8 1 10 5 7 0 2 10 8
2018-4-20,DSJC500.1.col,43.977,22244823,(12) 1 4 5 8 11 11 1 0 1 5 11 0 9 7 3 5 2 0 7 0 2 8 7 7 3 11 11 11 2 5 4 11 1 2 0 2 6 2 3 4 2 8 1 2 3 10 4 3 11 7 8 6 8 4 10 9 1 1 6 3 1 7 1 7 3 0 4 4 2 10 0 2 1 11 0 10 11 3 0 9 7 3 3 9 4 7 9 6 1 5 8 5 9 7 0 5 1 1 5 8 3 3 11 3 2 6 4 0 0 5 0 8 8 1 10 0 4 10 8 1 2 9 2 2 7 1 2 6 5 3 7 0 5 2 11 4 4 3 2 2 7 6 9 3 6 10 10 3 6 5 5 4 11 5 2 0 8 2 2 9 4 10 11 11 4 9 1 7 8 5 1 9 6 4 11 3 7 9 10 3 7 6 7 0 5 1 9 9 8 6 1 10 3 10 5 9 10 3 10 9 0 4 3 6 1 6 3 10 3 9 6 2 1 0 0 1 9 8 5 4 2 10 5 9 3 10 6 9 5 7 9 11 4 9 9 8 11 8 10 6 6 0 6 7 4 7 9 10 5 11 6 2 10 0 11 2 0 6 6 5 6 4 2 0 1 10 5 4 4 0 3 9 2 4 7 2 5 8 5 3 8 6 11 10 2 6 2 6 5 7 9 2 5 5 8 3 8 7 7 3 11 3 1 0 9 3 7 8 3 10 5 2 1 11 8 3 3 2 3 11 1 7 3 10 11 7 0 6 6 3 10 1 3 7 11 5 11 9 5 1 1 1 5 6 3 5 9 7 0 10 0 11 9 11 4 7 7 2 4 7 6 6 8 0 8 10 10 7 4 8 5 3 7 11 4 0 3 6 10 1 10 8 5 10 2 10 11 5 8 7 3 11 0 2 5 0 4 4 1 1 6 5 7 4 1 8 5 5 0 3 11 8 4 2 6 11 7 2 9 8 0 9 1 10 0 11 11 9 0 9 3 9 10 8 4 8 0 10 0 8 7 8 9 10 11 3 0 1 6 6 9 4 9 0 1 6 9 8 10 3 0 0 0 3 11 6 8 8 2 4 3 8 6 7 10 0 6 2 6 4 2 10 4 10 4 7 6 3 2 7 4 2 11 10 1 9 1 9 5 11 
2018-4-20,DSJC500.1.col,103.667,54090780,(12) 5 5 0 5 10 3 3 1 9 0 4 4 8 5 0 0 11 1 6 4 4 8 3 7 7 1 4 9 8 1 7 2 0 6 7 3 6 10 6 4 0 3 2 8 8 7 8 4 2 5 8 10 8 10 8 3 6 2 6 3 9 3 5 6 7 4 5 3 6 8 7 9 9 9 4 0 9 9 11 9 5 9 7 1 3 11 0 10 3 5 10 4 11 10 4 3 2 0 10 5 11 5 7 4 7 2 2 2 1 0 11 2 2 11 0 5 8 10 6 1 1 0 1 2 4 8 11 8 4 5 3 2 9 0 0 8 1 11 3 8 2 5 7 2 1 8 8 9 1 0 6 11 1 4 6 9 6 7 11 9 5 1 10 8 2 3 7 7 6 8 3 7 11 5 7 0 4 4 6 7 6 11 10 10 11 10 3 0 3 3 0 6 0 3 11 5 0 4 4 7 1 11 1 5 1 3 4 8 7 2 3 2 10 10 7 9 6 3 4 10 3 10 5 7 5 4 10 1 3 9 10 1 11 9 0 6 1 2 8 1 0 3 6 4 1 7 0 11 0 11 1 8 3 4 6 9 1 11 5 8 0 10 0 1 3 2 3 9 4 11 9 7 8 7 2 2 8 3 5 0 6 6 10 0 3 11 10 7 8 10 8 8 8 5 6 8 2 11 8 9 9 9 0 7 2 5 6 9 5 0 5 1 5 1 0 3 9 7 4 4 8 6 9 6 10 9 4 7 6 5 1 0 0 1 6 5 7 2 1 2 9 2 7 10 4 8 7 6 1 11 11 6 6 4 5 11 1 10 8 11 7 2 7 2 6 11 11 5 2 6 11 11 6 4 2 10 11 10 4 5 11 5 8 2 6 8 6 5 2 3 9 0 1 10 8 1 10 4 9 8 11 1 11 0 10 6 0 2 1 9 3 4 0 8 3 2 6 3 8 7 11 1 4 3 2 4 9 2 0 1 9 2 7 10 4 8 11 4 11 6 10 10 7 4 1 10 8 6 3 0 6 11 0 4 9 5 10 9 0 7 2 8 2 7 9 4 6 9 10 5 7 2 9 2 11 7 0 3 0 2 1 6 11 7 8 11 9 4 5 9 0 9 4 0 10 8 2 6 5 1 
2018-4-20,DSJC500.1.col,73.878,43113709,(12) 1 2 7 10 0 3 11 5 8 10 0 6 10 9 7 10 5 10 7 0 10 10 0 4 2 0 10 0 6 7 4 0 8 3 2 5 0 4 7 6 6 0 7 0 5 4 5 4 1 11 1 2 11 7 10 8 7 10 8 3 9 2 8 3 2 10 1 8 7 6 2 5 4 10 3 1 10 10 11 4 0 0 10 7 5 4 8 8 9 7 5 8 11 0 3 5 6 2 2 8 9 0 3 0 6 1 0 2 9 4 8 3 7 8 10 2 7 1 8 4 0 5 1 6 1 6 6 3 7 10 5 1 10 2 7 6 6 10 1 6 3 5 11 3 4 8 1 10 8 3 11 8 5 10 9 11 3 1 5 9 0 11 9 0 7 8 8 4 5 6 8 2 4 4 10 7 2 1 3 2 8 4 3 8 9 2 6 2 0 3 2 6 11 3 6 1 3 5 11 1 5 6 10 11 3 11 10 7 6 5 9 7 6 0 5 8 5 0 6 2 11 10 3 11 11 4 3 9 8 0 2 10 7 11 7 7 0 8 11 4 7 5 8 4 7 3 3 5 9 9 6 6 3 3 0 2 7 1 3 6 8 8 2 5 9 10 0 9 0 4 3 2 1 11 11 10 6 8 9 4 10 2 9 4 1 9 6 2 11 11 10 11 0 5 0 9 9 8 11 1 3 3 0 10 5 9 4 1 10 6 5 6 11 3 7 0 2 3 10 6 2 10 8 6 0 10 3 4 7 9 7 2 8 1 4 8 2 6 10 5 4 9 4 8 7 10 3 8 6 4 9 6 1 7 9 11 0 11 10 3 1 6 2 5 1 3 6 9 11 0 8 7 0 7 7 5 4 7 3 11 4 8 9 10 3 5 3 4 5 9 10 5 11 7 9 2 7 2 9 5 10 11 4 7 2 3 5 8 5 9 9 5 10 9 11 10 7 3 7 2 9 10 4 1 0 0 3 5 8 1 2 0 3 8 1 6 9 4 6 6 1 8 1 1 1 5 11 6 9 3 1 9 1 11 10 6 9 1 4 4 4 10 1 2 0 11 3 2 7 2 7 0 4 0 11 9 4 6 8 7 2 7 4 3 1 6 1 2 0 0 5 3 0 8 8 1 0 10 11 7
2018-4-20,DSJC500.5.col,89.124,16270402,(49) 17 45 24 7 46 4 36 33 45 17 26 10 40 32 43 26 29 29 28 17 26 20 41 20 35 44 43 39 22 21 20 33 0 22 6 11 8 41 45 19 5 47 7 11 45 34 30 22 18 48 8 29 44 31 25 26 2 32 5 13 8 27 44 38 5 13 12 8 29 42 28 16 13 14 37 34 0 48 5 48 42 0 38 46 46 7 1 40 43 28 4 15 3 21 23 14 11 18 14 19 19 48 12 24 34 47 18 8 28 14 40 13 13 35 15 35 32 9 44 27 41 47 12 1 41 16 28 24 2 14 0 28 15 32 25 39 44 13 32 43 46 20 45 9 17 38 31 42 11 23 7 47 11 14 15 34 20 17 33 18 25 47 23 35 26 25 26 3 9 41 29 44 32 4 37 39 36 48 31 32 7 18 44 41 19 14 32 37 9 25 30 41 12 27 31 11 27 33 23 40 43 35 42 28 31 47 43 40 14 40 29 6 23 18 11 28 27 37 19 12 45 21 12 3 46 1 10 44 9 16 40 30 31 11 21 37 47 30 5 9 1 47 36 25 9 48 36 34 16 33 44 15 5 12 37 10 25 21 4 39 25 3 43 46 31 0 4 21 39 33 22 33 2 47 44 14 18 30 6 18 34 29 42 36 22 27 38 12 6 33 12 28 9 13 16 16 40 37 11 42 9 29 30 33 7 2 5 19 2 10 10 22 2 34 7 35 36 23 1 47 36 36 3 20 31 17 4 5 2 40 48 26 27 9 46 37 46 30 47 48 31 47 38 24 20 13 48 8 18 37 30 1 46 22 8 4 41 16 30 32 25 28 21 40 10 26 35 25 19 39 10 18 42 34 37 34 15 27 42 39 5 32 15 42 48 29 27 13 43 16 30 46 7 30 15 39 33 23 34 43 33 7 26 15 35 1 18 39 13 5 19 0 31 16 19 20 17 24 6 10 23 22 11 22 35 19 19 23 6 25 0 26 41 21 31 20 0 47 19 35 23 16 39 14 24 38 9 37 28 3 37 38 0 46 10 43 35 33 3 17 36 13 40 1 45 24 11 36 5 29 21 25 2 46 40 21 45 12 36 24 4 41 4 19 21 41 48 45 42 1 6 3 9 28 38 15 29 21 2 26 
2018-4-20,DSJC500.5.col,289.766,60469391,(49) 33 30 13 7 38 37 37 28 15 40 13 35 38 14 43 20 48 29 13 26 29 19 27 34 36 28 2 23 20 6 25 27 48 6 33 5 40 29 17 38 21 47 46 10 13 17 17 34 48 33 40 48 23 5 22 43 35 18 24 44 26 27 19 27 41 11 28 14 8 32 46 0 1 33 42 14 10 9 14 42 32 34 29 8 36 6 31 38 39 46 14 12 7 39 37 20 0 27 3 1 10 42 2 27 47 11 38 11 13 22 30 3 17 44 30 36 4 18 27 47 21 25 15 15 22 16 10 26 8 1 20 46 34 22 22 18 19 5 19 26 0 10 1 31 33 29 46 34 23 39 1 11 10 22 35 25 2 24 47 47 8 42 34 36 24 13 35 18 33 30 33 15 38 3 15 2 44 29 47 19 12 7 14 23 4 36 15 10 27 33 25 29 24 45 7 36 6 0 7 38 45 9 32 46 44 43 34 11 1 5 21 3 37 39 40 46 27 42 12 30 30 6 17 43 20 47 40 28 23 4 6 3 48 12 16 42 29 4 13 41 15 7 40 35 31 39 40 2 8 25 31 28 6 28 8 43 33 27 11 20 22 38 38 14 17 29 18 2 19 5 29 23 8 11 19 22 5 42 46 40 6 31 16 37 45 45 39 21 23 18 13 46 45 16 8 27 13 41 10 0 26 12 18 0 8 16 16 26 45 1 35 43 24 37 35 4 9 12 3 42 24 40 48 17 31 16 0 0 8 48 21 40 0 27 0 25 20 36 41 43 17 42 24 2 14 12 14 11 46 17 20 35 32 21 0 39 11 23 36 15 18 33 30 5 29 12 38 32 11 26 36 25 34 4 17 2 16 41 32 2 21 15 30 7 31 11 12 26 19 4 25 18 1 9 47 11 39 28 2 34 0 1 44 9 48 47 37 6 28 39 40 34 17 36 31 15 15 4 48 12 12 20 41 1 6 5 17 38 23 22 38 37 45 45 5 34 19 47 40 2 48 4 5 22 39 37 21 28 6 0 16 32 16 13 32 41 15 37 41 31 24 5 30 29 31 46 10 42 4 3 41 31 5 20 21 45 33 26 9 48 18 26 3 44 45 26 16 39 32 1 44 43 41 33 24 30 42 31 9 37
2018-4-20,DSJC500.5.col,154.667,29035508,(49) 6 20 40 30 0 12 48 23 27 26 18 8 10 43 16 33 25 13 11 31 10 29 8 34 5 6 12 41 30 35 22 37 40 23 21 18 14 34 23 6 25 4 46 27 41 4 48 34 33 29 43 39 2 17 1 2 4 40 35 25 22 36 15 44 10 1 23 39 13 43 1 24 45 42 35 39 47 9 42 36 16 32 41 18 18 25 31 41 4 17 45 38 1 43 2 42 24 5 27 45 6 21 12 26 12 2 44 7 0 8 21 21 21 39 7 32 15 3 32 46 41 47 42 23 11 19 8 26 13 29 36 34 33 37 6 40 3 5 13 40 24 8 39 3 9 13 11 7 27 0 11 20 39 42 46 8 8 19 27 26 6 44 12 11 14 32 48 10 38 17 48 20 20 32 28 17 43 46 1 6 30 22 38 14 29 41 40 28 8 16 48 41 27 34 26 27 0 24 46 10 21 5 16 15 44 40 23 9 47 7 13 27 2 34 37 42 20 32 38 36 37 45 31 3 18 33 26 43 11 19 37 32 36 27 16 48 17 4 10 29 47 43 3 10 22 36 25 22 19 3 16 31 30 42 48 5 9 7 33 11 1 44 31 38 45 10 2 12 17 17 26 9 13 28 46 45 17 35 28 35 43 25 29 37 7 7 44 33 22 13 33 42 42 31 25 19 11 15 27 24 12 25 4 24 32 15 29 3 20 36 45 36 16 37 43 46 44 16 27 35 23 5 30 47 4 41 24 24 20 25 47 26 24 1 24 28 47 46 2 7 42 47 28 28 38 47 13 10 5 12 17 5 22 2 24 38 41 38 18 29 5 1 20 10 37 16 20 22 35 45 39 1 9 48 30 12 47 32 31 26 11 23 21 26 15 11 21 48 44 20 31 7 15 28 21 35 34 41 38 12 24 40 29 29 48 47 16 19 5 34 3 0 4 20 3 8 33 29 36 5 34 36 15 30 5 46 23 0 23 4 0 18 44 23 15 22 18 30 21 12 2 19 17 10 9 2 11 14 3 24 19 16 42 21 17 15 33 1 36 40 27 17 39 11 33 28 0 9 14 4 19 34 8 32 31 7 21 15 44 0 14 47 29 41 2 3 35 0 7 45 13 44 8 42 28 20 32 39 0 48
2018-4-20,DSJC500.5.col,132.129,26762421,(49) 45 21 16 11 23 32 48 31 8 12 41 32 30 37 24 42 0 43 0 27 30 44 6 20 33 43 23 7 7 10 20 38 47 19 28 31 37 21 34 26 25 24 2 27 41 28 13 7 48 45 37 27 15 40 14 17 17 13 30 34 4 46 46 46 0 6 28 11 8 43 12 37 37 11 16 37 37 36 34 27 33 7 34 31 31 3 39 32 28 40 34 12 3 10 8 22 11 44 22 26 26 6 24 38 23 1 47 43 17 6 42 22 17 1 33 38 6 25 31 41 44 19 47 23 47 46 34 8 46 14 46 1 41 6 14 42 14 15 7 4 22 43 42 5 34 21 28 43 1 16 0 19 8 44 18 29 35 45 22 32 14 7 23 0 41 9 32 9 15 40 1 19 43 21 16 40 38 45 42 9 46 32 46 20 26 16 19 48 24 14 33 44 16 17 35 31 36 8 17 30 35 12 23 44 23 19 13 8 44 23 42 45 27 16 31 3 46 36 26 9 8 10 18 5 31 15 2 2 36 5 36 41 30 29 10 47 40 6 29 24 9 43 1 14 24 30 48 24 38 45 5 18 34 5 2 2 32 10 21 0 15 21 16 7 4 44 15 10 40 40 19 36 33 19 13 8 40 11 29 45 28 3 30 38 2 36 20 0 29 36 13 44 36 19 6 1 27 18 48 11 24 27 35 22 18 17 4 26 8 1 18 1 48 27 11 38 27 39 22 33 5 13 47 21 2 42 32 35 9 25 41 17 37 4 22 33 46 12 25 18 15 39 20 19 18 12 34 20 15 24 40 24 33 35 20 0 36 20 31 44 39 3 10 48 30 17 38 14 26 4 42 12 23 29 47 28 30 29 39 15 0 29 42 48 45 0 30 4 27 15 21 22 8 32 18 20 34 43 28 23 25 4 27 13 1 13 12 44 25 39 26 47 35 19 26 9 48 11 45 39 12 30 48 4 2 26 26 21 29 47 14 31 17 10 9 12 31 18 26 38 39 38 40 44 25 39 0 33 35 20 5 33 6 42 40 14 44 4 14 13 1 40 33 0 46 16 15 27 28 3 10 14 32 22 3 10 6 7 7 25 25 11 3 26 10 35 30 21 25 34 28 34 9 3 2 18 9 10 24 17 
2018-4-20,DSJC500.5.col,192.475,40599971,(49) 39 36 20 31 45 23 20 39 29 19 22 34 22 31 32 22 36 30 38 21 22 15 32 0 15 12 23 32 21 15 0 35 16 8 35 9 14 3 8 34 28 9 41 33 13 3 40 32 16 35 13 46 25 14 11 26 1 4 16 43 28 33 7 37 30 42 36 39 35 31 38 13 4 43 18 6 4 28 6 19 32 5 34 45 45 12 20 34 16 37 31 44 44 23 46 6 48 0 9 24 17 15 18 27 33 18 17 38 20 42 35 6 16 47 16 40 25 41 48 35 34 24 29 29 37 47 44 24 47 11 47 26 41 31 11 43 11 7 10 32 45 33 43 17 9 24 0 34 18 20 25 5 41 10 15 7 36 18 20 0 11 37 34 28 22 41 1 42 17 4 19 29 29 33 29 32 2 26 42 0 16 28 23 12 36 43 29 36 32 11 15 20 29 12 3 48 37 48 34 14 10 25 14 38 23 8 41 46 6 21 18 34 1 3 48 3 4 19 33 19 30 19 9 33 45 33 12 13 28 31 21 21 0 7 21 17 6 27 39 31 5 2 13 11 32 40 12 40 27 18 19 36 25 26 17 21 27 15 10 26 5 1 32 45 2 30 7 24 7 38 47 27 39 46 41 10 9 1 37 1 2 10 13 2 8 19 21 44 26 13 23 38 27 47 13 15 4 44 8 41 40 44 27 48 46 46 48 17 27 43 1 8 22 8 14 5 46 14 20 30 21 3 16 24 4 18 26 48 5 16 40 22 12 19 45 7 45 27 46 40 4 9 0 7 9 42 33 42 25 40 22 18 45 32 42 36 43 24 15 29 11 38 30 38 16 22 21 11 39 24 26 15 44 20 3 3 12 37 26 3 20 29 35 18 36 27 16 24 39 24 3 45 46 7 35 42 23 19 10 10 12 38 5 43 20 17 15 38 3 40 6 18 1 43 7 29 8 23 1 4 44 22 42 6 21 17 25 0 41 14 11 22 10 40 36 25 44 16 14 27 48 30 44 10 28 47 37 0 33 42 30 33 30 45 25 11 29 38 11 43 20 42 43 26 2 8 4 3 39 37 2 11 5 45 9 12 35 28 2 20 28 41 10 14 17 17 30 4 1 34 25 14 5 36 12 48 19 14 8 13 
2018-4-20,DSJC500.5.col,160.755,30719932,(49) 2 14 7 10 20 0 22 37 12 8 18 43 1 28 29 1 17 23 10 16 6 0 23 26 41 20 15 39 23 14 26 5 33 21 17 3 32 47 38 18 43 29 6 40 10 16 47 29 15 7 18 13 45 14 42 14 6 2 32 46 3 33 14 1 34 32 28 3 15 7 28 24 14 30 1 13 25 30 32 8 38 31 35 41 15 15 21 32 35 46 44 40 9 44 41 9 24 26 2 17 32 31 29 27 39 16 16 11 21 43 17 31 25 13 2 5 36 37 0 10 31 31 12 10 31 28 15 17 33 42 1 13 41 34 42 2 42 32 13 11 24 43 10 4 32 39 26 23 10 21 7 16 12 14 9 39 23 4 5 26 42 8 29 28 38 3 22 6 14 34 37 25 23 40 22 12 5 36 3 2 33 26 25 15 0 7 12 30 43 42 0 41 23 23 45 48 37 24 14 43 9 5 14 25 45 12 47 34 18 41 9 17 22 5 47 45 5 37 0 22 34 4 7 0 36 18 38 7 31 19 6 30 26 3 8 31 14 27 48 29 6 1 3 42 38 21 17 38 27 36 39 0 6 19 4 47 27 22 30 23 20 18 20 16 9 25 35 45 46 41 13 27 48 34 20 20 47 1 10 47 44 30 18 43 40 8 35 22 13 37 25 41 27 39 46 16 45 43 47 24 29 2 27 24 38 28 22 17 27 37 14 11 39 39 25 40 40 37 19 23 18 47 48 43 35 28 24 24 47 11 30 22 35 32 24 2 1 27 20 44 45 20 26 10 43 5 39 3 36 29 46 38 13 40 24 30 44 38 17 23 42 0 12 5 15 6 43 42 32 7 18 5 30 44 19 45 33 35 13 45 19 30 37 33 38 27 19 45 22 38 26 2 22 0 17 6 46 34 20 29 24 25 46 21 21 47 5 4 19 34 4 8 25 31 4 4 33 46 6 48 41 1 24 48 41 11 36 26 2 19 42 13 40 29 45 36 3 33 18 27 48 11 3 25 34 35 26 0 4 24 30 35 11 7 36 42 41 5 42 19 37 46 29 47 1 46 28 44 16 8 11 42 39 36 9 22 11 18 7 21 40 19 30 12 22 33 21 21 38 15 36 6 11 28 35 29 31 43 21 28 
2018-4-20,DSJC500.5.col,117.6,22248029,(49) 48 46 39 48 9 18 2 36 22 48 33 34 36 41 17 22 33 21 10 48 28 25 20 24 27 32 17 20 13 38 42 27 37 38 15 11 19 43 1 14 13 12 19 11 21 0 18 39 13 46 3 24 40 5 26 42 41 2 44 37 7 6 8 32 44 7 44 45 27 9 10 41 37 34 3 41 3 46 36 29 4 3 0 29 9 32 6 21 47 10 1 8 46 18 29 7 30 37 44 14 14 35 46 24 46 1 37 7 10 6 30 16 37 8 30 5 45 2 40 32 7 45 36 38 16 5 10 6 5 26 20 10 23 35 26 30 26 4 40 12 0 6 27 28 45 20 42 37 48 23 44 22 11 36 31 38 35 48 16 8 26 25 32 27 25 47 18 35 37 30 41 20 36 46 3 18 35 31 15 24 13 38 37 43 14 42 39 35 35 26 22 13 31 22 8 31 32 27 9 3 15 35 19 10 18 20 47 7 27 48 3 46 20 0 11 10 28 40 14 30 30 43 44 7 19 13 19 41 42 16 41 47 3 11 4 28 8 18 25 29 29 3 45 26 19 39 35 19 5 48 47 16 1 16 13 33 18 28 29 42 40 23 46 4 31 20 2 19 8 1 8 36 45 25 47 43 23 34 5 48 1 34 32 15 28 41 43 33 42 40 22 10 36 6 32 16 30 44 11 27 17 45 2 39 34 17 40 14 28 11 38 12 20 20 34 37 22 34 21 22 24 33 21 2 43 48 1 40 28 12 47 12 32 31 31 25 45 38 22 28 15 25 2 24 4 13 41 43 0 28 33 19 9 18 43 39 34 43 27 17 26 10 36 7 11 13 4 26 14 31 11 42 38 31 5 0 19 47 9 24 44 38 30 9 6 40 15 4 23 25 38 2 27 18 4 43 39 23 19 18 43 7 29 47 35 9 20 1 16 39 14 3 12 5 14 42 22 41 12 31 8 15 11 8 23 14 14 23 17 12 26 28 12 12 2 44 40 32 14 15 29 21 12 7 39 20 42 0 10 0 17 32 6 41 33 26 37 36 26 48 25 16 30 42 22 23 21 34 39 33 19 26 23 9 33 17 37 3 13 42 2 5 40 14 31 13 11 39 4 5 40 23 21 10 17 30 45 4 23 33
